n=4
count=199
#1
1 2
1 3
1 4
#2
1 2
1 3
1 4
2 1
#3
1 2
1 4
2 3
#4
1 2
1 4
2 1
2 3
#5
1 2
1 3
1 4
2 3
#6
1 2
1 3
1 4
2 1
2 3
#7
1 2
2 3
2 4
#8
1 2
1 4
2 3
2 4
#9
1 2
1 3
1 4
2 3
2 4
#10
1 2
1 3
1 4
2 1
2 3
2 4
#11
1 2
2 4
3 1
#12
1 2
2 3
2 4
3 1
#13
1 2
2 1
2 4
3 1
#14
1 2
2 1
2 3
2 4
3 1
#15
1 2
1 4
2 4
3 1
#16
1 2
1 4
2 3
2 4
3 1
#17
1 2
1 4
2 1
3 1
#18
1 2
1 4
2 1
2 4
3 1
#19
1 2
1 4
2 1
2 3
3 1
#20
1 2
1 4
2 1
2 3
2 4
3 1
#21
1 2
1 3
2 4
3 1
#22
1 2
1 3
2 3
2 4
3 1
#23
1 2
1 3
2 1
2 4
3 1
#24
1 2
1 3
2 1
2 3
2 4
3 1
#25
1 2
1 3
1 4
2 4
3 1
#26
1 2
1 3
1 4
2 3
2 4
3 1
#27
1 2
1 3
1 4
2 1
3 1
#28
1 2
1 3
1 4
2 1
2 4
3 1
#29
1 2
1 3
1 4
2 1
2 3
3 1
#30
1 2
1 3
1 4
2 1
2 3
2 4
3 1
#31
1 2
2 4
3 2
#32
1 2
2 4
3 1
3 2
#33
1 2
2 1
2 4
3 1
3 2
#34
1 2
1 4
3 2
#35
1 2
1 4
2 4
3 2
#36
1 2
1 4
2 4
3 1
3 2
#37
1 2
1 4
2 3
3 2
#38
1 2
1 4
2 3
2 4
3 2
#39
1 2
1 4
2 3
2 4
3 1
3 2
#40
1 2
1 4
2 1
2 4
3 1
3 2
#41
1 2
1 4
2 1
2 3
3 1
3 2
#42
1 2
1 4
2 1
2 3
2 4
3 1
3 2
#43
1 2
1 3
2 4
3 1
3 2
#44
1 2
1 3
2 1
2 3
2 4
3 1
3 2
#45
1 2
1 3
1 4
2 4
3 2
#46
1 2
1 3
1 4
2 4
3 1
3 2
#47
1 2
1 3
1 4
2 3
3 2
#48
1 2
1 3
1 4
2 3
2 4
3 2
#49
1 2
1 3
1 4
2 3
2 4
3 1
3 2
#50
1 2
1 3
1 4
2 1
2 3
2 4
3 1
3 2
#51
1 2
2 4
3 4
#52
1 2
2 4
3 1
3 4
#53
1 2
2 1
2 4
3 4
#54
1 2
2 1
2 4
3 1
3 4
#55
1 2
1 4
3 2
3 4
#56
1 2
1 4
2 4
3 4
#57
1 2
1 4
2 4
3 2
3 4
#58
1 2
1 4
2 4
3 1
3 4
#59
1 2
1 4
2 4
3 1
3 2
3 4
#60
1 2
1 4
2 3
2 4
3 2
3 4
#61
1 2
1 4
2 3
2 4
3 1
3 4
#62
1 2
1 4
2 3
2 4
3 1
3 2
3 4
#63
1 2
1 4
2 1
2 4
3 4
#64
1 2
1 4
2 1
2 4
3 1
3 2
3 4
#65
1 2
1 4
2 1
2 3
3 4
#66
1 2
1 4
2 1
2 3
3 2
3 4
#67
1 2
1 4
2 1
2 3
2 4
3 4
#68
1 2
1 4
2 1
2 3
2 4
3 2
3 4
#69
1 2
1 4
2 1
2 3
2 4
3 1
3 2
3 4
#70
1 2
1 3
2 4
3 4
#71
1 2
1 3
1 4
2 4
3 4
#72
1 2
1 3
1 4
2 4
3 1
3 2
3 4
#73
1 2
1 3
1 4
2 1
2 3
2 4
3 1
3 2
3 4
#74
1 2
2 4
4 1
3 4
#75
1 2
2 4
4 1
3 2
3 4
#76
1 2
2 4
4 1
3 1
3 2
3 4
#77
1 2
2 3
3 4
4 1
#78
1 2
2 3
3 2
4 1
#79
1 2
2 3
3 2
3 4
4 1
#80
1 2
2 3
3 1
3 4
4 1
#81
1 2
2 3
3 1
3 2
4 1
#82
1 2
2 3
3 1
3 2
3 4
4 1
#83
1 2
2 3
2 4
3 2
4 1
#84
1 2
2 3
2 4
3 2
3 4
4 1
#85
1 2
2 3
2 4
3 1
4 1
#86
1 2
2 3
2 4
3 1
3 4
4 1
#87
1 2
2 3
2 4
3 1
3 2
4 1
#88
1 2
2 3
2 4
3 1
3 2
3 4
4 1
#89
1 2
2 1
3 2
4 1
#90
1 2
2 1
3 2
3 4
4 1
#91
1 2
2 1
3 1
4 1
#92
1 2
2 1
3 1
3 4
4 1
#93
1 2
2 1
3 1
3 2
4 1
#94
1 2
2 1
3 1
3 2
3 4
4 1
#95
1 2
2 1
2 4
4 1
3 2
#96
1 2
2 1
2 4
4 1
3 2
3 4
#97
1 2
2 1
2 4
4 1
3 1
#98
1 2
2 1
2 4
4 1
3 1
3 4
#99
1 2
2 1
2 4
4 1
3 1
3 2
#100
1 2
2 1
2 4
4 1
3 1
3 2
3 4
#101
1 2
2 1
2 3
3 2
4 1
#102
1 2
2 1
2 3
3 2
3 4
4 1
#103
1 2
2 1
2 3
3 1
3 4
4 1
#104
1 2
2 1
2 3
3 1
3 2
4 1
#105
1 2
2 1
2 3
3 1
3 2
3 4
4 1
#106
1 2
2 1
2 3
2 4
3 2
4 1
#107
1 2
2 1
2 3
2 4
3 2
3 4
4 1
#108
1 2
2 1
2 3
2 4
3 1
4 1
#109
1 2
2 1
2 3
2 4
3 1
3 4
4 1
#110
1 2
2 1
2 3
2 4
3 1
3 2
4 1
#111
1 2
2 1
2 3
2 4
3 1
3 2
3 4
4 1
#112
1 2
1 4
2 3
4 1
3 2
#113
1 2
1 4
2 3
4 1
3 2
3 4
#114
1 2
1 4
2 3
4 1
3 1
3 4
#115
1 2
1 4
2 3
4 1
3 1
3 2
#116
1 2
1 4
2 3
4 1
3 1
3 2
3 4
#117
1 2
1 4
2 3
2 4
4 1
3 2
3 4
#118
1 2
1 4
2 3
2 4
4 1
3 1
#119
1 2
1 4
2 3
2 4
4 1
3 1
3 4
#120
1 2
1 4
2 3
2 4
4 1
3 1
3 2
#121
1 2
1 4
2 3
2 4
4 1
3 1
3 2
3 4
#122
1 2
1 4
2 1
4 1
3 2
3 4
#123
1 2
1 4
2 1
4 1
3 1
#124
1 2
1 4
2 1
4 1
3 1
3 4
#125
1 2
1 4
2 1
4 1
3 1
3 2
3 4
#126
1 2
1 4
2 1
2 4
4 1
3 2
#127
1 2
1 4
2 1
2 4
4 1
3 2
3 4
#128
1 2
1 4
2 1
2 4
4 1
3 1
#129
1 2
1 4
2 1
2 4
4 1
3 1
3 4
#130
1 2
1 4
2 1
2 4
4 1
3 1
3 2
#131
1 2
1 4
2 1
2 4
4 1
3 1
3 2
3 4
#132
1 2
1 4
2 1
2 3
4 1
3 2
#133
1 2
1 4
2 1
2 3
4 1
3 2
3 4
#134
1 2
1 4
2 1
2 3
4 1
3 1
#135
1 2
1 4
2 1
2 3
4 1
3 1
3 4
#136
1 2
1 4
2 1
2 3
4 1
3 1
3 2
#137
1 2
1 4
2 1
2 3
4 1
3 1
3 2
3 4
#138
1 2
1 4
2 1
2 3
2 4
4 1
3 2
#139
1 2
1 4
2 1
2 3
2 4
4 1
3 2
3 4
#140
1 2
1 4
2 1
2 3
2 4
4 1
3 1
#141
1 2
1 4
2 1
2 3
2 4
4 1
3 1
3 4
#142
1 2
1 4
2 1
2 3
2 4
4 1
3 1
3 2
#143
1 2
1 4
2 1
2 3
2 4
4 1
3 1
3 2
3 4
#144
1 2
1 3
2 3
3 2
4 1
#145
1 2
1 3
2 3
3 1
3 4
4 1
#146
1 2
1 3
2 3
3 1
3 2
3 4
4 1
#147
1 2
1 3
2 3
2 4
3 2
3 4
4 1
#148
1 2
1 3
2 3
2 4
3 1
3 4
4 1
#149
1 2
1 3
2 3
2 4
3 1
3 2
4 1
#150
1 2
1 3
2 3
2 4
3 1
3 2
3 4
4 1
#151
1 2
1 3
2 1
2 4
3 1
3 4
4 1
#152
1 2
1 3
2 1
2 4
3 1
3 2
4 1
#153
1 2
1 3
2 1
2 4
3 1
3 2
3 4
4 1
#154
1 2
1 3
2 1
2 3
3 1
3 2
4 1
#155
1 2
1 3
2 1
2 3
3 1
3 2
3 4
4 1
#156
1 2
1 3
2 1
2 3
2 4
3 1
3 2
3 4
4 1
#157
1 2
1 3
1 4
2 3
3 2
4 1
#158
1 2
1 3
1 4
2 3
3 1
3 2
3 4
4 1
#159
1 2
1 3
1 4
2 3
2 4
3 2
3 4
4 1
#160
1 2
1 3
1 4
2 3
2 4
3 1
4 1
#161
1 2
1 3
1 4
2 3
2 4
3 1
3 4
4 1
#162
1 2
1 3
1 4
2 3
2 4
3 1
3 2
4 1
#163
1 2
1 3
1 4
2 3
2 4
3 1
3 2
3 4
4 1
#164
1 2
1 3
1 4
2 1
3 1
4 1
#165
1 2
1 3
1 4
2 1
3 1
3 4
4 1
#166
1 2
1 3
1 4
2 1
3 1
3 2
3 4
4 1
#167
1 2
1 3
1 4
2 1
2 4
3 1
3 4
4 1
#168
1 2
1 3
1 4
2 1
2 4
3 1
3 2
4 1
#169
1 2
1 3
1 4
2 1
2 4
3 1
3 2
3 4
4 1
#170
1 2
1 3
1 4
2 1
2 3
3 1
3 2
4 1
#171
1 2
1 3
1 4
2 1
2 3
3 1
3 2
3 4
4 1
#172
1 2
1 3
1 4
2 1
2 3
2 4
3 1
3 2
3 4
4 1
#173
1 2
3 2
4 2
#174
1 2
2 1
3 2
3 4
4 1
4 2
#175
1 2
2 1
3 1
3 2
4 1
4 2
#176
1 2
2 1
3 1
3 2
3 4
4 1
4 2
#177
1 2
1 4
2 3
4 1
4 2
3 2
#178
1 2
1 4
2 3
2 4
4 1
4 2
3 2
3 4
#179
1 2
1 4
2 3
2 4
4 1
4 2
3 1
3 4
#180
1 2
1 4
2 3
2 4
4 1
4 2
3 1
3 2
#181
1 2
1 4
2 3
2 4
4 1
4 2
3 1
3 2
3 4
#182
1 2
1 4
2 1
2 4
4 1
4 2
3 2
3 4
#183
1 2
1 4
2 1
2 4
4 1
4 2
3 1
3 2
3 4
#184
1 2
1 4
2 1
2 3
2 4
4 1
4 2
3 2
3 4
#185
1 2
1 4
2 1
2 3
2 4
4 1
4 2
3 1
3 4
#186
1 2
1 4
2 1
2 3
2 4
4 1
4 2
3 1
3 2
3 4
#187
1 2
1 3
2 4
3 1
3 4
4 2
#188
1 2
1 3
2 4
3 1
3 2
3 4
4 2
#189
1 2
1 3
2 3
2 4
3 1
3 4
4 1
4 2
#190
1 2
1 3
2 3
2 4
3 1
3 2
3 4
4 1
4 2
#191
1 2
1 3
2 1
2 3
2 4
3 2
3 4
4 1
4 2
#192
1 2
1 3
2 1
2 3
2 4
3 1
3 2
3 4
4 1
4 2
#193
1 2
1 3
1 4
2 4
3 1
3 2
3 4
4 2
#194
1 2
1 3
1 4
2 3
2 4
3 1
3 2
4 1
4 2
#195
1 2
1 3
1 4
2 3
2 4
3 1
3 2
3 4
4 1
4 2
#196
1 2
1 3
1 4
2 1
2 3
2 4
3 1
3 2
4 1
4 2
#197
1 2
1 3
1 4
2 1
2 3
2 4
3 1
3 2
3 4
4 1
4 2
#198
1 2
1 4
2 1
2 3
4 1
4 3
3 2
3 4
#199
1 2
1 3
1 4
2 1
2 3
2 4
3 1
3 2
3 4
4 1
4 2
4 3
